40702617
40695165
40705196
40705222
40707558
40691706
40696992
40690898
40702782
40691999
40691133
40695997
40691929
40689296
40687660
40692535
40693451
40692197
40689759
40694768
40699583
40688505
40694103
40691042
40699079
40690718
40695839
40693944
40689750
40687840
40699470
40699459
40697831
40699504
40693264
40694254
40702146
40698906
40698442
40701310
40699684
40737294
40733160
40736771
40713893
40722784
40731360
40725329
40728814
40725096
40733615
40712359
40726792
40728032
40717398
40729671
40731922
40729906
40726641
40725451
40729501
40727022
40730156
40726648
40722317
40726426
40719981
40705956
40725214
40726974
40723150
40723356
40725983
40703892
40724201
40724283
40723220
40722155
40720629
40719975
40711661
40715018
40719782
40695001
40719921
40718124
40713952
40692333
40704594
40715250
40715695
40694284
40711600
40715449
40705574
40710154
40711284
40706951
40711484
40710417
40705841
40708476
40707084
40710201
40711086
40710993
40705464
40708046
40709769
40706164
40702617
40705196
40707558
40698536
40705222
40695165
40702546
40697341
40704428
40658095
40674073
40680291
40659281
40673567
40700343
40689750
40701310
40699459
40699504
40702146
40695754
40661703
40662176
40672158
40677810
40664339
40656747
40659160
40667786
40674135
40657574
40685644
40671738
40654190
40676408
40658901
40670096
40670612
40667976
40660689
40660761
40660867
40681784
40657467
40679809
40669337
40670898
40668088
40663704
40665721
40656125
40673091
40681345
40691706
40680107
40659511
40679599
40661001
40673751
40676239
40675947
40680648
40682401
40690898
40666178
40662538
40681306
40684901
40687660
40683697
40691999
40677424
40682863
40691133
40689296
40681022
40657626
40680218
40680737
40692535
40689759
40688505
40691929
40692197
40693451
40696992
40691042
40690718
40695997
40694103
40693944
40694768
40695839
40693264
40694254
40699079
40697831
40699470
40687840
40699583
40698906
40698442
40702782
40699684
40648470
40667786
40652917
40674135
40654190
40658901
40671738
40660689
40670096
40667976
40660761
40676408
40670612
40650974
40660867
40651054
40685644
40657467
40648082
40669337
40681784
40680218
40657626
40680737
40682863
40689296
40691999
40688505
40692197
40693451
40690718
40689759
40692535
40691929
40691042
40695997
40694103
40693944
40694768
40694254
40696992
40695997
40694103
40693944
40694768
40694254
40696992
40680648
40680737
40680218
40677810
40676239
40677926
40670096
40656125
40676408
40674135
40674073
40644562
40645773
40657467
40667786
40673091
40660867
40673567
40672158
40672215
40671381
40670898
40669337
40670612
40667976
40667606
40668088
40668504
40644750
40667102
40663704
40660689
40665721
40644960
40657574
40661703
40644366
40659160
40646477
40664339
40636502
40657307
40648422
40658901
40650974
40662176
40659281
40648082
40660761
40646940
40646909
40661001
40657238
40642803
40654734
40634539
40627522
40647517
40631370
40626014
40646658
40628395
40631663
40640927
40627558
40636331
40624924
40639137
40639506
40651203
40623883
40636980
40643167
40647491
40626332
40623843
40623877
40647278
40634465
40634774
40634042
40624709
40631558
40639606
40636854
40645983
40633902
40636844
40639628
40632533
40638764
40637102
40632745
40631439
40626807
40636883
40633003
40635397
40642801
40656603
40636292
40630699
40633773
40651054
40649091
40648960
40650326
40643207
40646602
40643588
40652917
40633029
40650844
40646061
40648193
40646312
40645743
40646741
40623864
40656747
40644605
40658095
40654190
40644605
40643588
40656747
40653785
40647517
40652917
40650326
40648193
40654190
40645743
40650844
40633029
40647491
40649091
40646741
40651054
40632625
40621611
40648960
40651203
40633773
40646312
40646602
40642801
40648470
40634539
40615653
40627522
40612285
40626014
40631370
40612387
40624924
40616778
40620739
40623883
40620955
40619297
40636331
40623843
40626332
40620055
40620472
40623048
40640927
40619521
40639137
40641361
40614308
40623877
40636980
40616930
40631439
40632745
40635397
40622209
40630699
40637102
40636844
40639628
40638764
40636883
40639606
40645983
40633003
40647278
40636292
40623864
40639506
40646658
40643207
40646061